0	-2.29733	
0.0001	-0.0738739	
0.0002	1.80958	
0.0003	4.71274	
0.0004	6.652	
0.0005	9.82163	
0.0006	12.0759	
0.0007	15.6858	
0.0008	18.4748	
0.0009	22.7447	
0.001	26.3138	
0.0011	31.5049	
0.0012	36.1419	
0.0013	42.5673	
0.0014	48.6169	
0.0015	56.6547	
0.0016	64.5343	
0.0017	74.6439	
0.0018	84.8602	
0.0019	97.5999	
0.002	110.768	
0.0021	126.816	
0.0022	143.681	
0.0023	163.854	
0.0024	185.315	
0.0025	210.596	
0.0026	237.726	
0.0027	269.289	
0.0028	303.37	
0.0029	342.61	
0.003	385.161	
0.0031	433.725	
0.0032	486.519	
0.0033	546.314	
0.0034	611.404	
0.0035	684.637	
0.0036	764.386	
0.0037	853.582	
0.0038	950.68	
0.0039	1058.7	
0.004	1176.17	
0.0041	1306.21	
0.0042	1447.44	
0.0043	1603.05	
0.0044	1771.74	
0.0045	1956.78	
0.0046	2156.96	
0.0047	2375.61	
0.0048	2611.57	
0.0049	2868.24	
0.005	3144.52	
0.0051	3443.83	
0.0052	3765.09	
0.0053	4111.75	
0.0054	4482.72	
0.0055	4881.45	
0.0056	5306.8	
0.0057	5762.18	
0.0058	6246.41	
0.0059	6762.79	
0.006	7310.05	
0.0061	7891.37	
0.0062	8505.35	
0.0063	9155	
0.0064	9838.75	
0.0065	10559.4	
0.0066	11315.3	
0.0067	12108.8	
0.0068	12938.1	
0.0069	13805.5	
0.007	14708.7	
0.0071	15649.8	
0.0072	16626.1	
0.0073	17639.6	
0.0074	18687.4	
0.0075	19771	
0.0076	20887.3	
0.0077	22037.4	
0.0078	23218.1	
0.0079	24430.4	
0.008	25670.5	
0.0081	26939.4	
0.0082	28233	
0.0083	29552	
0.0084	30892.4	
0.0085	32254.6	
0.0086	33634.5	
0.0087	35032.3	
0.0088	36443.9	
0.0089	37869.4	
0.009	39304.6	
0.0091	40749.7	
0.0092	42200.5	
0.0093	43657.2	
0.0094	45115.4	
0.0095	46575.7	
0.0096	48033.7	
0.0097	49489.8	
0.0098	50940.1	
0.0099	52385	
0.01	53820.5	
0.0101	55247.3	
0.0102	56661.7	
0.0103	58064.4	
0.0104	59451.7	
0.0105	60824.6	
0.0106	62179.6	
0.0107	63517.9	
0.0108	64836	
0.0109	66135.4	
0.011	67412.7	
0.0111	68669.4	
0.0112	69902.5	
0.0113	71113.6	
0.0114	72299.8	
0.0115	73462.7	
0.0116	74599.6	
0.0117	75712.4	
0.0118	76798.3	
0.0119	77859.4	
0.012	78893.1	
0.0121	79901.4	
0.0122	80881.8	
0.0123	81836.5	
0.0124	82763.2	
0.0125	83663.9	
0.0126	84536.4	
0.0127	85383	
0.0128	86201.3	
0.0129	86993.7	
0.013	87758	
0.0131	88496.4	
0.0132	89206.9	
0.0133	89891.8	
0.0134	90548.8	
0.0135	91180.5	
0.0136	91784.7	
0.0137	92363.8	
0.0138	92915.6	
0.0139	93442.5	
0.014	93942.5	
0.0141	94418	
0.0142	94866.8	
0.0143	95291.3	
0.0144	95689.4	
0.0145	96063.5	
0.0146	96411.5	
0.0147	96735.8	
0.0148	97034.2	
0.0149	97309.1	
0.015	97558.3	
0.0151	97784.2	
0.0152	97984.7	
0.0153	98162	
0.0154	98314.1	
0.0155	98443.1	
0.0156	98546.9	
0.0157	98627.9	
0.0158	98683.7	
0.0159	98716.7	
0.016	98724.6	
0.0161	98709.6	
0.0162	98669.6	
0.0163	98606.8	
0.0164	98518.8	
0.0165	98407.9	
0.0166	98271.8	
0.0167	98112.7	
0.0168	97928.3	
0.0169	97720.7	
0.017	97487.6	
0.0171	97231.2	
0.0172	96949.1	
0.0173	96643.5	
0.0174	96311.9	
0.0175	95956.6	
0.0176	95575.1	
0.0177	95169.5	
0.0178	94737.5	
0.0179	94281.2	
0.018	93798.2	
0.0181	93290.5	
0.0182	92755.8	
0.0183	92196.2	
0.0184	91609.3	
0.0185	90997.2	
0.0186	90357.5	
0.0187	89692.4	
0.0188	88999.3	
0.0189	88280.6	
0.019	87533.8	
0.0191	86761	
0.0192	85960	
0.0193	85133	
0.0194	84277.5	
0.0195	83396	
0.0196	82486.1	
0.0197	81550	
0.0198	80585.7	
0.0199	79595.4	
0.02	78577	
0.0201	77532.9	
0.0202	76461	
0.0203	75363.8	
0.0204	74239.4	
0.0205	73090.3	
0.0206	71914.7	
0.0207	70715.1	
0.0208	69489.9	
0.0209	68241.8	
0.021	66969.1	
0.0211	65674.7	
0.0212	64357.1	
0.0213	63019.3	
0.0214	61659.7	
0.0215	60281.7	
0.0216	58883.8	
0.0217	57469.2	
0.0218	56036.8	
0.0219	54589.9	
0.022	53127.5	
0.0221	51652.8	
0.0222	50165	
0.0223	48667.5	
0.0224	47159.4	
0.0225	45644.2	
0.0226	44121.1	
0.0227	42593.6	
0.0228	41060.7	
0.0229	39526.2	
0.023	37988.9	
0.0231	36452.6	
0.0232	34916	
0.0233	33382.8	
0.0234	31851.7	
0.0235	30326	
0.0236	28804.5	
0.0237	27290.4	
0.0238	25782	
0.0239	24282.3	
0.024	22789.7	
0.0241	21306.9	
0.0242	19831.8	
0.0243	18367	
0.0244	16910.1	
0.0245	15463.5	
0.0246	14024.6	
0.0247	12595.3	
0.0248	11172.9	
0.0249	9759.14	
0.025	8351.05	
0.0251	6950.11	
0.0252	5553.2	
0.0253	4161.63	
0.0254	2772.14	
0.0255	1385.95	
0.0256	-0.271506	
0.0257	-1385.36	
0.0258	-2772.68	
0.0259	-4161.04	
0.026	-5553.74	
0.0261	-6949.53	
0.0262	-8351.6	
0.0263	-9758.56	
0.0264	-11173.4	
0.0265	-12594.7	
0.0266	-14025.1	
0.0267	-15462.9	
0.0268	-16910.7	
0.0269	-18366.4	
0.027	-19832.4	
0.0271	-21306.3	
0.0272	-22790.3	
0.0273	-24281.8	
0.0274	-25782.5	
0.0275	-27289.8	
0.0276	-28805.1	
0.0277	-30325.5	
0.0278	-31852.2	
0.0279	-33382.2	
0.028	-34916.6	
0.0281	-36452	
0.0282	-37989.5	
0.0283	-39525.6	
0.0284	-41061.3	
0.0285	-42593	
0.0286	-44121.6	
0.0287	-45643.6	
0.0288	-47159.9	
0.0289	-48666.9	
0.029	-50165.5	
0.0291	-51652.2	
0.0292	-53128	
0.0293	-54589.3	
0.0294	-56037.4	
0.0295	-57468.6	
0.0296	-58884.3	
0.0297	-60281.1	
0.0298	-61660.3	
0.0299	-63018.7	
0.03	-64357.6	
0.0301	-65674.1	
0.0302	-66969.6	
0.0303	-68241.2	
0.0304	-69490.5	
0.0305	-70714.5	
0.0306	-71915.2	
0.0307	-73089.8	
0.0308	-74240	
0.0309	-75363.2	
0.031	-76461.5	
0.0311	-77532.3	
0.0312	-78577.5	
0.0313	-79594.8	
0.0314	-80586.2	
0.0315	-81549.4	
0.0316	-82486.6	
0.0317	-83395.4	
0.0318	-84278.1	
0.0319	-85132.4	
0.032	-85960.6	
0.0321	-86760.4	
0.0322	-87534.3	
0.0323	-88280	
0.0324	-88999.9	
0.0325	-89691.8	
0.0326	-90358.1	
0.0327	-90996.6	
0.0328	-91609.9	
0.0329	-92195.7	
0.033	-92756.4	
0.0331	-93289.9	
0.0332	-93798.7	
0.0333	-94280.6	
0.0334	-94738.1	
0.0335	-95168.9	
0.0336	-95575.6	
0.0337	-95956	
0.0338	-96312.5	
0.0339	-96642.9	
0.034	-96949.7	
0.0341	-97230.6	
0.0342	-97488.2	
0.0343	-97720.1	
0.0344	-97928.9	
0.0345	-98112.2	
0.0346	-98272.4	
0.0347	-98407.4	
0.0348	-98519.4	
0.0349	-98606.2	
0.035	-98670.2	
0.0351	-98709.1	
0.0352	-98725.1	
0.0353	-98716.1	
0.0354	-98684.2	
0.0355	-98627.3	
0.0356	-98547.5	
0.0357	-98442.5	
0.0358	-98314.6	
0.0359	-98161.5	
0.036	-97985.3	
0.0361	-97783.7	
0.0362	-97558.9	
0.0363	-97308.5	
0.0364	-97034.7	
0.0365	-96735.2	
0.0366	-96412.1	
0.0367	-96062.9	
0.0368	-95690	
0.0369	-95290.7	
0.037	-94867.3	
0.0371	-94417.4	
0.0372	-93943.1	
0.0373	-93442	
0.0374	-92916.1	
0.0375	-92363.2	
0.0376	-91785.3	
0.0377	-91180	
0.0378	-90549.4	
0.0379	-89891.2	
0.038	-89207.5	
0.0381	-88495.9	
0.0382	-87758.5	
0.0383	-86993.1	
0.0384	-86201.9	
0.0385	-85382.4	
0.0386	-84537	
0.0387	-83663.3	
0.0388	-82763.7	
0.0389	-81836	
0.039	-80882.4	
0.0391	-79900.8	
0.0392	-78893.6	
0.0393	-77858.8	
0.0394	-76798.9	
0.0395	-75711.8	
0.0396	-74600.2	
0.0397	-73462.1	
0.0398	-72300.3	
0.0399	-71113	
0.04	-69903.1	
0.0401	-68668.8	
0.0402	-67413.2	
0.0403	-66134.8	
0.0404	-64836.6	
0.0405	-63517.3	
0.0406	-62180.2	
0.0407	-60824	
0.0408	-59452.2	
0.0409	-58063.8	
0.041	-56662.3	
0.0411	-55246.8	
0.0412	-53821.1	
0.0413	-52384.4	
0.0414	-50940.7	
0.0415	-49489.3	
0.0416	-48034.2	
0.0417	-46575.1	
0.0418	-45116	
0.0419	-43656.6	
0.042	-42201.1	
0.0421	-40749.2	
0.0422	-39305.2	
0.0423	-37868.8	
0.0424	-36444.4	
0.0425	-35031.8	
0.0426	-33635.1	
0.0427	-32254.1	
0.0428	-30893	
0.0429	-29551.4	
0.043	-28233.5	
0.0431	-26938.8	
0.0432	-25671.1	
0.0433	-24429.8	
0.0434	-23218.7	
0.0435	-22036.9	
0.0436	-20887.8	
0.0437	-19770.4	
0.0438	-18688	
0.0439	-17639.1	
0.044	-16626.7	
0.0441	-15649.2	
0.0442	-14709.3	
0.0443	-13805	
0.0444	-12938.7	
0.0445	-12108.3	
0.0446	-11315.8	
0.0447	-10558.9	
0.0448	-9839.32	
0.0449	-9154.43	
0.045	-8505.91	
0.0451	-7890.8	
0.0452	-7310.62	
0.0453	-6762.22	
0.0454	-6246.98	
0.0455	-5761.61	
0.0456	-5307.37	
0.0457	-4880.88	
0.0458	-4483.29	
0.0459	-4111.18	
0.046	-3765.65	
0.0461	-3443.26	
0.0462	-3145.08	
0.0463	-2867.68	
0.0464	-2612.13	
0.0465	-2375.04	
0.0466	-2157.52	
0.0467	-1956.21	
0.0468	-1772.3	
0.0469	-1602.48	
0.047	-1448.01	
0.0471	-1305.64	
0.0472	-1176.74	
0.0473	-1058.13	
0.0474	-951.243	
0.0475	-853.013	
0.0476	-764.95	
0.0477	-684.069	
0.0478	-611.967	
0.0479	-545.746	
0.048	-487.082	
0.0481	-433.157	
0.0482	-385.725	
0.0483	-342.043	
0.0484	-303.933	
0.0485	-268.715	
0.0486	-238.282	
0.0487	-210.015	
0.0488	-185.865	
0.0489	-163.269	
0.049	-144.229	
0.0491	-126.228	
0.0492	-111.314	
0.0493	-97.0116	
0.0494	-85.4044	
0.0495	-74.0553	
0.0496	-65.0779	
0.0497	-56.0665	
0.0498	-49.1602	
0.0499	-41.98	
0.05	-36.685	
0.0501	-30.9197	
0.0502	-26.8572	
0.0503	-22.1635	
0.0504	-19.0192	
0.0505	-15.1128	
0.0506	-12.622	
0.0507	-9.26699	
0.0508	-7.19738	
0.0509	-4.2095	
0.051	-2.29733	
0.0511	-0.0738739	
