0	-32.0589	
0.0001	12.4521	
0.0002	3.33143	
0.0003	53.2805	
0.0004	43.778	
0.0005	94.6398	
0.0006	85.9199	
0.0007	138.043	
0.0008	130.745	
0.0009	184.651	
0.001	179.379	
0.0011	235.644	
0.0012	233.014	
0.0013	292.26	
0.0014	292.924	
0.0015	355.817	
0.0016	360.473	
0.0017	427.733	
0.0018	437.131	
0.0019	509.538	
0.002	524.493	
0.0021	602.894	
0.0022	624.293	
0.0023	709.612	
0.0024	738.418	
0.0025	831.662	
0.0026	868.927	
0.0027	971.191	
0.0028	1018.06	
0.0029	1130.54	
0.003	1188.25	
0.0031	1312.24	
0.0032	1382.15	
0.0033	1519.05	
0.0034	1602.61	
0.0035	1753.95	
0.0036	1852.81	
0.0037	2020.29	
0.0038	2136.2	
0.0039	2321.64	
0.004	2456.42	
0.0041	2661.67	
0.0042	2817.25	
0.0043	3044.31	
0.0044	3222.74	
0.0045	3473.72	
0.0046	3677.16	
0.0047	3954.29	
0.0048	4185.02	
0.0049	4490.62	
0.005	4751.03	
0.0051	5087.53	
0.0052	5380.09	
0.0053	5750.01	
0.0054	6077.27	
0.0055	6483.19	
0.0056	6847.78	
0.0057	7292.34	
0.0058	7696.91	
0.0059	8182.8	
0.006	8630.03	
0.0061	9159.93	
0.0062	9652.51	
0.0063	10229.1	
0.0064	10769.7	
0.0065	11395.6	
0.0066	11986.8	
0.0067	12664.5	
0.0068	13308.8	
0.0069	14040.9	
0.007	14740.7	
0.0071	15529.3	
0.0072	16286.8	
0.0073	17134.2	
0.0074	17951.3	
0.0075	18859.3	
0.0076	19737.9	
0.0077	20708.1	
0.0078	21649.6	
0.0079	22683.3	
0.008	23688.9	
0.0081	24787	
0.0082	25857.4	
0.0083	27020.5	
0.0084	28156	
0.0085	29384.3	
0.0086	30584.7	
0.0087	31877.7	
0.0088	33142.5	
0.0089	34499.4	
0.009	35827.3	
0.0091	37246.6	
0.0092	38636	
0.0093	40115.6	
0.0094	41564.1	
0.0095	43101.5	
0.0096	44606.1	
0.0097	46197.9	
0.0098	47755.2	
0.0099	49397.5	
0.01	51003	
0.0101	52691.3	
0.0102	54340.3	
0.0103	56069.4	
0.0104	57756.3	
0.0105	59520.2	
0.0106	61238.9	
0.0107	63031.2	
0.0108	64774.9	
0.0109	66588.6	
0.011	68349.8	
0.0111	70177.3	
0.0112	71948.3	
0.0113	73781.4	
0.0114	75553.7	
0.0115	77383.8	
0.0116	79148.7	
0.0117	80966.8	
0.0118	82715	
0.0119	84511.8	
0.012	86234	
0.0121	87999.8	
0.0122	89686.2	
0.0123	91411.3	
0.0124	93052.1	
0.0125	94726.8	
0.0126	96312.2	
0.0127	97926.5	
0.0128	99446.6	
0.0129	100991	
0.013	102436	
0.0131	103901	
0.0132	105262	
0.0133	106638	
0.0134	107906	
0.0135	109184	
0.0136	110350	
0.0137	111522	
0.0138	112578	
0.0139	113637	
0.014	114575	
0.0141	115513	
0.0142	116328	
0.0143	117139	
0.0144	117824	
0.0145	118502	
0.0146	119053	
0.0147	119594	
0.0148	120005	
0.0149	120405	
0.015	120674	
0.0151	120932	
0.0152	121056	
0.0153	121168	
0.0154	121148	
0.0155	121114	
0.0156	120948	
0.0157	120770	
0.0158	120459	
0.0159	120137	
0.016	119683	
0.0161	119220	
0.0162	118627	
0.0163	118027	
0.0164	117298	
0.0165	116564	
0.0166	115706	
0.0167	114844	
0.0168	113860	
0.0169	112877	
0.017	111775	
0.0171	110677	
0.0172	109465	
0.0173	108260	
0.0174	106944	
0.0175	105641	
0.0176	104230	
0.0177	102837	
0.0178	101341	
0.0179	99866	
0.018	98293.9	
0.0181	96747.6	
0.0182	95108.8	
0.0183	93500.7	
0.0184	91805	
0.0185	90144.8	
0.0186	88402	
0.0187	86699.6	
0.0188	84919.3	
0.0189	83184.3	
0.019	81376.4	
0.0191	79618.4	
0.0192	77792.1	
0.0193	76020.4	
0.0194	74184.9	
0.0195	72408.5	
0.0196	70572.6	
0.0197	68799.9	
0.0198	66971.8	
0.0199	65211	
0.02	63398.7	
0.0201	61657.2	
0.0202	59867.8	
0.0203	58152.7	
0.0204	56392.8	
0.0205	54710.4	
0.0206	52986.2	
0.0207	51342.1	
0.0208	49658.8	
0.0209	48058.1	
0.021	46420.5	
0.0211	44867.5	
0.0212	43279.4	
0.0213	41777.8	
0.0214	40242.6	
0.0215	38795.3	
0.0216	37315.6	
0.0217	35924.7	
0.0218	34502.4	
0.0219	33169.7	
0.022	31806.1	
0.0221	30532.4	
0.0222	29228	
0.0223	28013.6	
0.0224	26768.4	
0.0225	25613.1	
0.0226	24426.6	
0.0227	23329.3	
0.0228	22200.3	
0.0229	21159.8	
0.023	20086.6	
0.0231	19100.9	
0.0232	18081.4	
0.0233	17148.1	
0.0234	16179.7	
0.0235	15296	
0.0236	14375.6	
0.0237	13538.4	
0.0238	12662.7	
0.0239	11868.3	
0.024	11033.6	
0.0241	10278.3	
0.0242	9480.54	
0.0243	8760.11	
0.0244	7995.14	
0.0245	7305.24	
0.0246	6568.54	
0.0247	5904.61	
0.0248	5191.54	
0.0249	4548.84	
0.025	3854.58	
0.0251	3228.24	
0.0252	2547.87	
0.0253	1932.93	
0.0254	1261.44	
0.0255	652.852	
0.0256	-14.822	
0.0257	-622.14	
0.0258	-1291.09	
0.0259	-1902.22	
0.026	-2577.52	
0.0261	-3197.53	
0.0262	-3884.22	
0.0263	-4518.13	
0.0264	-5221.18	
0.0265	-5873.9	
0.0266	-6598.19	
0.0267	-7274.52	
0.0268	-8024.78	
0.0269	-8729.39	
0.027	-9510.19	
0.0271	-10247.5	
0.0272	-11063.2	
0.0273	-11837.6	
0.0274	-12692.3	
0.0275	-13507.6	
0.0276	-14405.3	
0.0277	-15265.3	
0.0278	-16209.3	
0.0279	-17117.4	
0.028	-18111	
0.0281	-19070.2	
0.0282	-20116.3	
0.0283	-21129.1	
0.0284	-22230	
0.0285	-23298.6	
0.0286	-24456.2	
0.0287	-25582.4	
0.0288	-26798.1	
0.0289	-27982.9	
0.029	-29257.6	
0.0291	-30501.7	
0.0292	-31835.7	
0.0293	-33139	
0.0294	-34532.1	
0.0295	-35894	
0.0296	-37345.2	
0.0297	-38764.6	
0.0298	-40272.3	
0.0299	-41747.1	
0.03	-43309.1	
0.0301	-44836.8	
0.0302	-46450.1	
0.0303	-48027.5	
0.0304	-49688.5	
0.0305	-51311.4	
0.0306	-53015.8	
0.0307	-54679.7	
0.0308	-56422.5	
0.0309	-58122	
0.031	-59897.5	
0.0311	-61626.6	
0.0312	-63428.4	
0.0313	-65180.4	
0.0314	-67001.6	
0.0315	-68769.3	
0.0316	-70602.3	
0.0317	-72377.9	
0.0318	-74214.7	
0.0319	-75989.8	
0.032	-77821.9	
0.0321	-79587.8	
0.0322	-81406.1	
0.0323	-83153.8	
0.0324	-84949.1	
0.0325	-86669	
0.0326	-88431.8	
0.0327	-90114.4	
0.0328	-91834.9	
0.0329	-93470.3	
0.033	-95138.8	
0.0331	-96717.2	
0.0332	-98323.9	
0.0333	-99835.6	
0.0334	-101371	
0.0335	-102806	
0.0336	-104260	
0.0337	-105610	
0.0338	-106975	
0.0339	-108230	
0.034	-109495	
0.0341	-110647	
0.0342	-111806	
0.0343	-112847	
0.0344	-113891	
0.0345	-114814	
0.0346	-115736	
0.0347	-116534	
0.0348	-117329	
0.0349	-117997	
0.035	-118658	
0.0351	-119190	
0.0352	-119714	
0.0353	-120107	
0.0354	-120489	
0.0355	-120740	
0.0356	-120978	
0.0357	-121084	
0.0358	-121178	
0.0359	-121138	
0.036	-121087	
0.0361	-120902	
0.0362	-120705	
0.0363	-120375	
0.0364	-120035	
0.0365	-119564	
0.0366	-119083	
0.0367	-118472	
0.0368	-117854	
0.0369	-117109	
0.037	-116359	
0.0371	-115483	
0.0372	-114606	
0.0373	-113607	
0.0374	-112608	
0.0375	-111492	
0.0376	-110380	
0.0377	-109154	
0.0378	-107936	
0.0379	-106608	
0.038	-105292	
0.0381	-103871	
0.0382	-102466	
0.0383	-100961	
0.0384	-99477	
0.0385	-97896.5	
0.0386	-96342.5	
0.0387	-94696.8	
0.0388	-93082.5	
0.0389	-91381.4	
0.039	-89716.5	
0.0391	-87969.8	
0.0392	-86264.3	
0.0393	-84481.8	
0.0394	-82745.4	
0.0395	-80936.8	
0.0396	-79179	
0.0397	-77353.8	
0.0398	-75584.1	
0.0399	-73751.4	
0.04	-71978.7	
0.0401	-70147.3	
0.0402	-68380.2	
0.0403	-66558.6	
0.0404	-64805.2	
0.0405	-63001.2	
0.0406	-61269.2	
0.0407	-59490.2	
0.0408	-57786.6	
0.0409	-56039.4	
0.041	-54370.7	
0.0411	-52661.3	
0.0412	-51033.4	
0.0413	-49367.5	
0.0414	-47785.5	
0.0415	-46167.9	
0.0416	-44636.5	
0.0417	-43071.5	
0.0418	-41594.5	
0.0419	-40085.6	
0.042	-38666.3	
0.0421	-37216.6	
0.0422	-35857.7	
0.0423	-34469.4	
0.0424	-33172.8	
0.0425	-31847.7	
0.0426	-30615	
0.0427	-29354.3	
0.0428	-28186.3	
0.0429	-26990.6	
0.043	-25887.7	
0.0431	-24757.1	
0.0432	-23719.2	
0.0433	-22653.3	
0.0434	-21680	
0.0435	-20678.1	
0.0436	-19768.3	
0.0437	-18829.3	
0.0438	-17981.7	
0.0439	-17104.2	
0.044	-16317.1	
0.0441	-15499.3	
0.0442	-14771	
0.0443	-14010.9	
0.0444	-13339.2	
0.0445	-12634.5	
0.0446	-12017.1	
0.0447	-11365.6	
0.0448	-10800	
0.0449	-10199.1	
0.045	-9682.86	
0.0451	-9129.95	
0.0452	-8660.38	
0.0453	-8152.82	
0.0454	-7727.26	
0.0455	-7262.36	
0.0456	-6878.12	
0.0457	-6453.21	
0.0458	-6107.62	
0.0459	-5720.03	
0.046	-5410.44	
0.0461	-5057.55	
0.0462	-4781.38	
0.0463	-4460.64	
0.0464	-4215.37	
0.0465	-3924.31	
0.0466	-3707.51	
0.0467	-3443.74	
0.0468	-3253.09	
0.0469	-3014.33	
0.047	-2847.6	
0.0471	-2631.69	
0.0472	-2486.76	
0.0473	-2291.66	
0.0474	-2166.55	
0.0475	-1990.32	
0.0476	-1883.15	
0.0477	-1723.93	
0.0478	-1632.9	
0.0479	-1488.94	
0.048	-1412.34	
0.0481	-1282.04	
0.0482	-1218.36	
0.0483	-1100.26	
0.0484	-1048.09	
0.0485	-940.848	
0.0486	-898.901	
0.0487	-801.264	
0.0488	-768.34	
0.0489	-679.167	
0.049	-654.169	
0.0491	-572.41	
0.0492	-554.33	
0.0493	-479.021	
0.0494	-466.935	
0.0495	-397.191	
0.0496	-390.248	
0.0497	-325.256	
0.0498	-322.674	
0.0499	-261.685	
0.05	-262.74	
0.0501	-205.062	
0.0502	-209.08	
0.0503	-154.072	
0.0504	-160.415	
0.0505	-107.484	
0.0506	-115.537	
0.0507	-64.148	
0.0508	-73.2605	
0.0509	-23.0565	
0.051	-32.0589	
0.0511	12.4521	
